Mammal rabbit
Fs 1000
Integration ecg

208
505
809
1114
1416
1717
2022
2326
2625
2933
3243
3549
3855
4168
4475
4779
5087
5393
5695
5996
6300
6603
6904
7211
7520
7826
8131
8436
8737
9034
9323
9621
9916
10208
10507
10807
11115
11418
11720
12023
12323
12617
12906
13198
13488
13778
14069
14372
14678
14980
15280
15589
15895
16198
16502
16809
17119
17423
17731
18044
18354
18662
18976
19295
19612
19927
20246
20564
20879
21193
21509
21824
22132
22439
22746
23065
23388
23699
23996
24279
24560
24845
25123
25398
25676
25943
26206
26465
26715
26960
27201
27441
27682
27921
28164
28412
28661
28913
29220
29651
29996
30312
30614
30896
31179
31452
31720
31979
32234
32481
32722
32958
33192
33422
33651
33875
34100
34321
34543
34763
34982
35201
35419
35637
35853
36070
36283
36499
36714
36929
37147
37368
37592
37819
38049
38286
38526
38772
39024
39281
39539
39798
40061
40326
40594
40865
41142
41422
41699
41981
42265
42543
42821
43100
43381
43660
43944
44228
44520
44815
45112
45407
45699
45989
46279
46561
46842
47124
47401
47677
47954
48235
48513
48790
49072
49356
49637
49919
50203
50490
50782
51070
51365
51667
51960
52250
52549
52838
53125
53414
53709
53997
54282
54569
54855
55140
55418
55702
55996
56290
56585
56886
57192
57494
57795
58102
58405
58701
58988
59273
59559
59842
60129
60423
60732
61045
61358
61665
61973
62264
62550
62823
63097
63367
63636
63905
64179
64456
64738
65020
65303
65579
65860
66133
66403
66672
66934
67195
67454
67714
67976
68245
68520
68801
69089
69380
69675
69968
70257
70547
70833
71116
71399
71679
71957
72241
72525
72811
73094
73379
73658
73937
74215
74490
74763
75036
75312
75586
75859
76136
76415
76694
76979
77264
77551
77834
78111
78384
78659
78930
79199
79470
79744
80022
80307
80590
80875
81161
81445
81725
82005
82286
82566
82845
83126
83410
83692
83972
84255
84542
84824
85106
85396
85679
85964
86242
86524
86801
87076
87351
87626
87901
88178
88452
88728
89001
89272
89540
89807
90075
90344
90614
90883
91157
91432
91706
91978
92253
92529
92803
93080
93359
93638
93918
94193
94469
94749
95026
95302
95578
95854
96136
96417
96702
96992
97280
97570
97854
98141
98423
98709
98992
99279
99560
99855
100144
100441
100736
101032
101328
101626
101925
102225
102527
102828
103131
103434
103736
104039
104340
104638
104929
105215
105499
105784
106069
106351
106636
106924
107209
107489
107769
108047
108319
108591
108863
109135
109405
109674
109945
110217
110488
110759
111030
111302
111575
111847
112122
112406
112691
112978
113269
113570
113871
114170
114467
114769
115068
115364
115663
115955
116241
116531
116820
117112
117412
117715
118015
118310
118610
118908
119205
119500
119798
120095
120386
120680
120981
121275
121562
121855
122145
122431
122717
123006
123292
123575
123862
124151
124441
124732
125018
125305
125596
125882
126170
126454
126746
127039
127327
127617
127915
128210
128503
128794
129089
129379
129668
129963
130265
130567
130861
131162
131465
131763
132063
132364
132663
132963
133265
133564
133860
134161
134463
134762
135059
135359
135657
135948
136232
136524
136819
137109
137401
137699
138004
138301
138593
138891
139191
139485
139775
140067
140363
140657
140950
141248
141550
141846
142142
142436
142732
143025
143318
143610
143911
144210
144507
144801
145101
145398
145692
145986
146285
146582
146877
147173
147473
147768
148059
148355
148654
148953
149251
149554
149857
150159
150462
150767
151069
151366
151668
151970
152270
152566
152867
153167
153465
153761
154064
154367
154669
154967
155271
155572
155865
156150
156442
156730
157016
157302
157591
157883
158169
158449
158727
159007
159289
159572
159848
160128
160418
160712
161007
161303
161607
161906
162202
162498
162794
163091
163381
163667
163956
164254
164545
164839
165134
165439
165740
166034
166327
166614
166896
167172
167444
167718
167992
168263
168540
168813
169086
169358
169627
169894
170160
170429
170699
170967
171234
171501
171764
172026
172286
172543
172805
173066
173326
173588
173852
174118
174393
174669
174947
175223
175499
175771
176048
176337
176620
176905
177196
177495
177803
178109
178415
178717
179022
179327
179628
179922
180204
180481
180775
181065
181358
181644
181945
182248
182556
182863
183165
183474
183783
184088
184389
184685
184974
185263
185555
185862
186180
186492
186806
187111
187418
187730
188040
188347
188655
188962
189272
189576
189884
190186
190486
190781
191071
191365
191652
191926
192204
192482
192764
193056
193371
193680
193986
194291
194605
194916
195219
195527
195833
196132
196432
196736
197040
197341
197638
197932
198220
198508
198800
199084
199367
199654
199942
200238
200534
200833
201134
201430
201727
202019
202302
202577
202852
203128
203404
203676
203946
204219
204501
204781
205061
205336
205611
205894
206174
206447
206723
206994
207266
207546
207824
208109
208390
208675
208969
209256
209547
209828
210111
210392
210680
210970
211283
211587
211885
212182
212478
212777
213071
213356
213668
213975
214278
214591
214903
215211
215513
215818
216124
216413
216691
216959
217230
217501
217768
218033
218304
218590
218903
219215
219522
219823
220123
220423
220705
220981
221253
221534
221839
222151
222454
222767
223075
223379
223680
223979
224283
224583
224877
225164
225445
225730
226022
226304
226588
226874
227160
227447
227735
228020
228307
228590
228875
229185
229507
229816
230116
230423
230728
231028
231317
231600
231880
232162
232442
232725
233025
233316
233604
233891
234176
234465
234753
235047
235336
235623
235918
236204
236499
236820
237128
237449
237759
238066
238365
238666
238971
239276
239577
239879
240198
240520
240845
241161
241466
241778
242095
242406
242716
243017
243313
243616
243911
244210
244497
244801
245126
245434
245742
246043
246351
246662
246975
247292
247605
247923
248242
248560
248876
249181
249495
249811
250124
250429
250726
251028
251336
251631
251921
252206
252491
252765
253034
253299
253559
253822
254086
254350
254613
254876
255145
255414
255681
255944
256207
256468
256725
256980
257234
257488
257743
257998
258255
258510
258771
259040
259315
259607
259902
260188
260472
260756
261040
261324
261610
261895
262173
262453
262746
263030
263310
263589
263862
264137
264403
264669
264935
265210
265498
265795
266088
266380
266675
266968
267251
267530
267808
268092
268372
268653
268930
269209
269506
269796
270088
270369
270647
270925
271200
271474
271748
272025
272312
272607
272914
273215
273514
273808
274102
274400
274694
274982
275260
275540
275823
276112
276404
276689
276984
277287
277597
277899
278202
278505
278814
279120
279420
279720
280025
280322
280611
280890
281171
281459
281741
282023
282324
282639
282942
283239
283544
283842
284142
284431
284711
285009
285321
285617
285913
286200
286494
286790
287077
287364
287648
287934
288235
288547
288842
289134
289419
289705
290000
290291
290581
290877
291183
291485
291783
292076
292370
292666
292971
293273
293572
293867
294165
294470
294766
295062
295352
295638
295923
296198
296466
296726
296981
297238
297493
297745
298006
298272
298569
298876
299173
299471
299772
300076
300375
300671
300965
301262
301544
301814
302079
302344
302623
302913
303218
303511
303813
304133
304462
304782
305110
305453
305773
306088
306392
306699
307014
307322
307630
307968
308277
308585
308890
309201
309516
309832
310147
310458
310773
311093
311410
311735
312049
312362
312683
312994
313315
313623
313940
314259
314571
314880
315180
315489
315797
316096
316397
316699
317000
317312
317611
317903
318188
318483
318772
319060
319341
319618
319884
320152
320430
320700
320963
321230
321490
321749
322012
322276
322547
322822
323100
323386
323667
323946
324226
324504
324782
325061
325341
325620
325905
326186
326460
326736
327006
327275
327544
327812
328090
328368
328647
328925
329206
329494
329775
330052
330341
330623
330902
331184
331467
331748
332030
332311
332592
332861
333128
333386
333638
333886
334129
334369
334607
334842
335075
335307
335536
335764
335991
336218
336443
336669
336893
337117
337341
337564
337785
338007
338228
338454
338680
338912
339141
339376
339613
339851
340091
340337
340579
340820
341060
341301
341543
341787
342031
342276
342528
342782
343038
343296
343555
343818
344083
344343
344610
344876
345146
345414
345685
345956
346229
346501
346770
347047
347323
347601
347876
348154
348430
348708
348982
349259
349532
349805
350080
350354
350627
350904
351182
351460
351736
352013
352288
352563
352834
353105
353374
353647
353921
354194
354471
354749
355025
355304
355583
355861
356141
356418
356695
356974
357249
357525
357795
358065
358338
358612
358885
359160
359434
359706
359979
360253
360528
360804
361083
361359
361640
361919
362202
362484
362768
363053
363340
363631
363917
364203
364495
364786
365078
365371
365667
365960
366247
366528
366802
367067
367327
367581
367829
368072
368312
368551
368792
369038
369285
369532
369777
370022
370265
370505
370741
370974
371205
371437
371665
371894
372123
372350
372580
372812
373046
373292
373539
373789
374039
374296
374555
374819
375087
375355
375626
375896
376161
376434
376704
376985
377265
377541
377827
378114
378406
378695
378994
379292
379588
379881
380174
380473
380772
381067
381369
381674
381979
382282
382589
382895
383200
383506
383817
384126
384430
384744
385054
385362
385669
385979
386289
386597
386908
387224
387533
387841
388151
388465
388774
389080
389387
389699
390004
390305
390608
390914
391215
391513
391810
392122
392426
392728
393032
393345
393656
393968
394278
394595
394910
395222
395540
395860
396174
396490
396813
397131
397445
397762
398082
398396
398707
399024
399340
399653
399968
400287
400601
400913
401227
401541
401851
402156
402466
402776
403083
403388
403696
404005
404309
404608
404909
405211
405505
405796
406092
406393
406700
407010
407317
407630
407942
408256
408567
408884
409195
409502
409808
410115
410415
410714
411019
411329
411634
411942
412254
412562
412871
413185
413496
413804
414116
414426
414733
415028
415330
415618
415906
416187
416470
416747
417019
