Mammal dog
Fs 500
Integration ecg

22
235
450
664
890
1109
1330
1588
1817
2041
2269
2490
2702
2916
3148
3377
3598
3817
4046
4272
4489
4710
4944
5190
5415
5638
5850
6058
6270
6499
6720
6949
7208
7439
7663
7882
8108
8324
8536
8754
8993
9221
9441
9664
9900
10124
10339
10550
10760
10964
11166
11366
11571
11782
11986
12190
12400
12624
12842
13055
13267
13484
13710
13924
14135
14346
14570
14795
15012
15227
15447
15688
15919
16139
16359
16586
16829
17051
17268
17483
17706
17930
18149
18370
18604
18839
19063
19282
19507
19736
19956
20168
20379
20589
20795
21005
21228
21446
21662
21897
22139
22361
22576
22796
23024
23249
23467
23687
23916
24140
24356
24574
24795
25012
25225
25445
25670
25888
26107
26338
26582
26806
27037
27285
27530
27755
27974
28190
28414
28642
28861
29078
29298
29528
29759
29981
30199
30419
30652
30872
31085
31296
31506
31713
31915
32116
32314
32516
32717
32914
33110
33308
33509
33710
33918
34149
34387
34606
34817
35027
35246
35461
35671
35882
36111
36351
36576
36799
37032
37285
37527
37756
37987
38234
38475
38700
38923
39152
39389
39621
39844
40064
40291
40546
40781
41006
41229
41459
41694
41917
42143
42403
42648
42880
43109
43347
43595
43824
44048
44270
44506
44751
44981
45216
45469
45708
45937
46162
46413
46669
46898
47119
47335
47551
47762
47969
48172
48377
48586
48788
48987
49186
49386
49582
49774
49963
50153
50342
50528
50712
50899
51084
51267
51448
51634
51816
51998
52185
52371
52555
52737
52923
53112
53297
53480
53664
53850
54043
54232
54420
54612
54814
55020
55222
55424
55634
55870
56089
56302
56522
56774
57019
57244
57472
57722
57955
58177
58403
58656
58888
59114
59343
59594
59836
60064
60292
60536
60763
60982
61197
61415
61631
61850
62101
62342
62569
62797
63043
63270
63490
63711
63945
64169
64388
64605
64821
65030
65236
65450
65666
65886
66145
66383
66617
66856
67115
67358
67588
67818
68062
68291
68510
68728
68950
69170
69408
69676
69914
70150
70404
70649
70880
71115
71379
71626
71866
72112
72363
72597
72830
73071
73300
73525
73758
74007
74234
74457
74693
74920
75140
75364
75599
75825
76053
76320
76575
76811
77051
77320
77584
77819
78046
78274
78502
78723
78957
79192
79426
79667
79905
80124
80334
80537
80735
80929
81121
81311
81507
81704
81896
82089
82293
82503
82713
82920
83130
83353
83579
83789
83990
84187
84382
84574
84763
84951
85148
85348
85546
85760
85998
86226
86440
86655
86870
87093
87304
87507
87709
87911
88119
88328
88531
88732
88937
89158
89381
89603
89824
90063
90328
90557
90777
90994
91218
91432
91645
91870
92104
92326
92552
92796
93038
93266
93492
93742
93977
94210
94457
94717
94949
95175
95416
95670
95907
96141
96399
96644
96876
97109
97352
97581
97801
98020
98259
98492
98715
98937
99166
99399
99629
99855
100084
100303
100521
100740
100953
101170
101400
101624
101846
102089
102337
102564
102794
103049
103300
103536
103786
104061
104309
104553
104822
105108
105358
105630
105905
106158
106408
106696
106987
107240
107509
107807
108069
108319
108587
108902
109167
109415
109663
109945
110192
110437
110688
110922
111151
111389
111637
111877
112134
112414
112656
112886
113115
113336
113555
113773
113993
114209
114423
114644
114872
115095
115321
115565
115811
116044
116266
116482
116697
116910
117123
117348
117575
117802
118025
118260
118533
118768
118998
119231
119464
119687
119907
120123
120335
120544
120750
120955
121160
121366
121573
121787
122007
122247
122491
122734
122975
123218
123464
123731
124018
124287
124525
124756
124982
125202
125419
125660
125947
126206
126478
126799
127064
127316
127584
127860
128109
128355
128620
128860
129101
129369
129612
129849
130086
130323
130552
130775
130990
131201
131408
131615
131823
132032
132245
132503
132738
132972
133235
133473
133699
133925
134173
134412
134638
134864
135102
135383
135635
135875
136128
136412
136680
136921
137162
137423
137662
137900
138136
138397
138636
138872
139123
139387
139624
139864
140131
140373
140606
140840
141085
141330
141559
141784
142014
142244
142468
142686
142904
143134
143383
143614
143838
144068
144310
144549
144787
145036
145307
145546
145776
146007
146242
146472
146700
146939
147178
147421
147661
147891
148120
148344
148561
148774
148985
149188
149389
149587
149781
149975
150180
150384
150593
150829
151075
151310
151560
151818
152048
152268
152491
152738
152971
153200
153443
153684
153920
154178
154445
154692
154963
155224
155465
155705
155940
156181
156439
156674
156911
157137
157354
157567
157777
157979
158177
158369
158560
158749
158937
159124
159313
159501
159699
159906
160118
160341
160585
160823
161052
161272
161498
161725
161945
162167
162389
162602
162812
163029
163276
163502
163740
164013
164258
164500
164770
165006
165238
165466
165682
165893
166102
166308
166508
166705
166900
167091
167280
167472
167664
167856
168053
168256
168456
168658
168881
169091
169301
169519
169749
169969
170195
170434
170657
170884
171115
171336
171564
171792
172010
172231
172451
172659
172864
173070
173268
173461
173653
173846
174033
174217
174399
174581
174759
174935
175109
175283
175455
175625
175793
175962
176130
176298
176464
176628
176791
176957
177121
177282
177442
177604
177767
177928
178088
178246
178407
178567
178727
178885
179045
179205
179364
179522
179681
179840
179998
180156
180314
