---
Mammal:            dog
Fs:                500
Integration_level: electrocardiogram

Channels:

    - type:   peak
      name:   interval
      unit:   index
      enable: yes

---

29
340
597
910
1196
1478
1777
2074
2344
2596
2836
3073
3314
3563
3849
4127
4421
4748
5037
5325
5608
5885
6168
6445
6735
7012
7301
7585
7855
8145
8443
8720
8985
9249
9513
9757
9994
10226
10460
10743
10998
11260
11531
11829
12100
12376
12683
12967
13252
13534
13814
14094
14411
14717
15024
15341
15632
15910
16180
16457
16736
17029
17309
17608
17915
18197
18483
18795
19087
19368
19647
19939
20235
20512
20785
21083
21410
21741
22038
22318
22608
22903
23191
23460
23712
23956
24220
24503
24784
25054
25314
25577
25861
26150
26423
26684
26962
27276
27593
27882
28160
28449
28748
29076
29367
29642
29899
30145
30396
30673
30958
31224
31481
31740
32001
32290
32564
32830
33082
33331
33604
33909
34191
34463
34732
35007
35303
35606
35884
36149
36409
36678
36976
37262
37536
37800
38086
38384
38689
38972
39242
39519
39811
40129
40416
40691
40965
41260
41575
41872
42147
42415
42686
42982
43290
43579
43853
44126
44415
44711
45004
45282
45551
45826
46121
46403
46671
46929
47194
47462
47766
48045
48319
48589
48880
49201
49518
49806
50082
50353
50624
50923
51213
51489
51755
52028
52320
52647
52932
53208
53483
53759
54062
54353
54635
54904
55174
55459
55740
56004
56262
56502
56738
56999
57250
57505
57790
58059
58326
58595
58873
59146
59401
59656
59921
60173
60427
60693
60976
61275
61551
61826
62100
62366
62621
62892
63188
63466
63734
63997
64274
64550
64821
65090
65381
65655
65922
66184
66447
66728
66997
67261
67534
67810
68072
68329
68582
68852
69110
69373
69641
69929
70201
70469
70732
71004
71271
71529
71789
72056
72316
72573
72842
73131
73408
73676
73943
74220
74483
74744
75004
75275
75538
75804
76067
76349
76621
76891
77176
77447
77705
77955
78194
78424
78660
78918
79165
79414
79692
79990
80274
80554
80845
81136
81404
81665
81926
82202
82458
82710
82975
83262
83530
83800
84067
84356
84630
84895
85166
85454
85720
85982
86242
86508
86782
87049
87312
87596
87896
88176
88457
88754
89052
89332
89604
89863
90118
90380
90625
90867
91114
91398
91663
91929
92197
92478
92750
93014
93285
93560
93818
94073
94328
94608
94869
95128
95399
95687
95954
96223
96494
96764
97027
97288
97552
97806
98065
98322
98583
98868
99153
99442
99769
100065
100353
100628
100899
101188
101470
101741
102001
102254
102504
102755
103002
103259
103516
103781
104034
104323
104605
104876
105153
105443
105715
105999
106267
106531
106792
107069
107332
107597
107906
108199
108511
108805
109106
109422
109703
109980
110268
110546
110812
111089
111356
111631
111977
112279
112572
112880
113171
113449
113738
114006
114296
114605
114885
115169
115462
115736
116009
116290
116573
116841
117117
117402
117666
117926
118185
118471
118734
118992
119252
119525
119796
120055
120310
120580
120834
121084
121346
121596
121885
122159
122482
122797
123091
123399
123689
123975
124291
124590
124930
125227
125554
125862
126160
126435
126699
126956
127250
127523
127801
128079
128398
128695
128997
129307
129621
129902
130174
130428
130687
130954
131233
131511
131787
132057
132331
132609
132894
133158
133427
133698
133951
134203
134466
134734
134992
135248
135497
135741
135983
136229
136484
136791
137072
137385
137706
138003
138321
138625
138925
139211
139501
139779
140075
140352
140645
140958
141240
141510
141782
142042
142306
142554
142790
143016
143241
143477
143785
144087
144410
144786
145094
145426
145737
146033
146301
146567
146834
147084
147353
147625
147887
148154
148446
148717
148984
149240
149499
149773
150043
150359
150656
150970
151314
151630
151941
152279
152606
152903
153201
153531
153823
154110
154416
154720
155007
155312
155637
155932
156225
156521
156818
157094
157371
157639
157904
158164
158425
158683
158943
159203
159449
159701
159959
160229
160493
160773
161051
161315
161586
161841
162092
162337
162609
162889
163175
163473
163773
164064
164351
164635
164919
165218
165525
165833
166167
166480
166831
167138
167447
167789
168086
168377
168684
168967
169247
169533
169858
170143
170428
170719
171049
171339
171626
171902
172175
172482
172761
173047
173366
173658
173941
174227
174504
174766
175022
175286
175543
175792
176043
176316
176634
176931
