Mammal: dog
Fs: 500
Integration: ECG

171
418
641
863
1152
1426
1726
1975
2216
2436
2656
2885
3167
3526
3777
4009
4221
4419
4621
4851
5077
5298
5516
5720
5930
6144
6395
6641
6866
7088
7295
7507
7736
8004
8228
8450
8679
8931
9197
9454
9692
9924
10147
10393
10935
11174
11401
11618
11834
12080
12356
12594
12829
13075
13317
13552
13780
14066
14332
14569
14794
18001
18261
18545
18788
19058
19280
19497
19713
19938
20209
20453
20691
20914
21139
21375
21656
21893
22126
22354
22605
22895
23165
23422
23651
23871
24099
24350
24615
24848
25067
25278
25497
25731
26011
26237
26465
26682
26897
27158
27393
27613
27815
28008
28202
28405
28638
28886
29115
29333
29550
29775
30092
30343
30603
30843
31067
31301
31555
31818
32049
32264
32468
32668
32874
33096
33336
33575
33811
34045
34277
34548
34834
35131
35406
35651
35886
36133
36422
36707
36996
37249
37485
37727
37984
38292
38547
38801
39042
39301
39577
39870
40118
40330
40608
40841
41148
41423
41704
41951
42191
42432
42685
43043
43322
43576
43819
44057
44303
44567
44833
45087
45333
45563
45802
46058
46324
46584
46828
47060
47294
47568
47822
48111
48355
48594
48832
49098
49395
49665
49912
50147
50379
50930
51210
51468
51710
51928
52168
52440
52725
53029
53277
53517
53740
53974
54241
54522
54807
55044
55287
55506
55790
56054
56357
56600
56835
57062
57289
57544
57808
58067
58294
58513
58722
58951
59218
59526
59775
60023
60249
60479
60726
60982
61210
61437
61664
61920
62173
62470
62721
62954
63171
63378
63596
63856
64145
64419
64662
64889
65124
65406
65656
66023
66273
66511
66735
66972
67246
67585
67880
68138
68378
68616
68866
69149
69492
69759
69993
70228
70456
70729
71021
71300
71547
71778
72021
72276
72565
72817
73047
73269
73483
73728
74036
74297
74550
74783
75015
75255
75519
75788
76031
76257
76469
76671
76879
77111
77370
77598
77819
78034
78254
78526
78770
79019
79247
79476
79721
79963
80184
80391
80592
80804
81043
81271
81479
81678
81874
82080
82292
82496
82693
82888
83080
83268
83457
83661
83889
84107
84316
84521
84729
84948
85155
85352
85549
85751
85968
86207
86423
86641
86857
87105
87353
87577
87785
87989
88201
88430
88645
88882
89132
89367
89582
89794
90025
90259
90484
90697
90921
91152
91367
91590
91824
92057
92270
92486
92688
92920
93123
93314
93507
93692
93905
94148
94352
94562
94763
94970
95201
95435
95651
95865
96088
96320
96536
96741
96941
97139
97335
97548
97750
97949
98141
98338
98571
98798
99015
99231
99440
99671
99923
100159
100392
100630
100880
101101
101313
101517
101726
101964
102215
102449
102678
102902
103152
103394
103631
103859
104091
104327
104550
104773
104998
105215
105435
105655
105894
106153
106402
106635
106855
107064
107271
107470
107663
107850
108033
108215
108398
108580
108765
108953
109145
109347
109550
109768
109983
110204
110425
110642
110847
111067
111330
111546
111766
111981
112195
112421
112678
112904
113130
113349
113572
113794
114037
114269
114500
114735
114983
115221
115463
115712
115960
116209
116481
116743
117016
117295
117564
117844
118123
118390
118662
118925
119189
119461
119728
119996
120252
120510
120758
121004
121243
121493
121755
122002
122258
122497
122734
122972
123210
123446
123699
123953
124209
124485
124743
124998
125257
125516
125777
126038
126291
126540
126787
127024
127260
127514
127782
128039
128300
128566
128811
129073
129316
129568
129818
130057
130320
130553
130782
131012
131253
131493
131752
132006
132269
132539
132807
133080
133336
133601
133860
134122
134389
134655
134918
135180
135444
135710
135977
136246
136503
136757
137010
137239
137488
137724
137963
138222
138496
138757
139017
139275
139533
139784
140032
140285
140544
140793
141052
141303
141559
141815
142064
142315
142579
142840
143094
143346
143602
143848
144089
144329
144606
144852
145096
145341
145571
145797
146030
146260
146485
146713
146942
147172
147402
147647
147908
148184
148438
148707
148979
149272
149539
149840
150094
150360
150660
150907
151172
151430
151672
151922
152179
152425
155967
156190
156408
156625
156843
157060
157281
157508
157742
157992
158250
158521
158773
164366
164625
164875
165213
165467
165729
165973
166211
166640
166922
167166
167434
167861
168149
168391
168631
168868
169132
169427
169676
169990
170269
170526
170842
171119
171368
171616
171886
172160
172401
172654
172894
173142
173388
173628
173881
174127
174386
174650
174910
175170
175415
175659
175916
176163
176430
176679
176943
177207
177472
177739
178003
178266
178513
178755
178995
179232
179468
179723
179972
180252
180515
180780
181046
181301
181550
181791
182040
182286
182543
182820
183074
183331
183595
183853
184097
184338
184564
184783
184996
185206
185414
185626
185958
186239
186614
186959
187272
187605
187891
188160
188479
188750
189019
189349
189609
189873
190162
190427
190738
191010
191330
191613
191893
192301
192578
192838
193101
193353
193605
193860
194112
194365
194623
194875
195131
195381
195662
195901
196128
196360
196621
196924
197173
197442
197764
198058
198332
198631
198922
199193
199456
199721
200033
200288
200531
200780
201037
201387
201644
201913
202245
202509
202758
203032
203315
203565
203811
204045
204275
204499
204721
204943
205156
205361
205549
205745
205950
206163
206377
206590
206803
207000
207205
207486
207734
207963
208186
208408
208638
208911
209185
209415
209645
209867
210129
210524
210815
211079
211310
211557
211796
212103
212376
212709
213033
213298
213546
213793
214117
214382
214638