Mammal: dog
Fs: 500
Integration: ECG

134
320
500
682
866
1046
1226
1418
1699
1963
2197
2410
2603
2783
2964
3143
3357
3594
3823
4049
4250
4452
4666
4951
5247
5486
5684
5868
6040
6215
6387
6577
6798
7053
7267
7457
7640
7821
8028
8335
8627
8857
9066
9265
9462
9666
9876
10077
10274
10458
10658
10889
11163
11471
11743
11976
12249
12455
12645
12831
13024
13271
13536
13773
13980
14177
14363
14555
14884
15199
15546
15851
16084
16290
16486
16677
16898
17249
17509
17726
17936
18121
18325
18610
18903
19239
19496
19722
19932
20133
20359
20656
20975
21317
21573
21796
22001
22199
22466
22779
23102
23397
23618
23815
23997
24178
24374
24601
24920
25219
25463
25671
25858
26042
26228
26439
26684
26911
27111
27297
27473
27650
27835
28041
28286
28502
28702
28883
29056
29225
29399
29584
29790
30013
30229
30425
30608
30782
30949
31110
31266
31419
31570
31719
31906
32157
32483
32841
33214
33498
33741
33969
34204
34446
34681
34904
35113
35300
35474
35645
35819
36014
36263
36558
36843
37080
37349
37628
38005
38275
38505
38728
38973
39338
39718
40027
40261
40463
40644
40816
40990
41176
41403
41744
41990
42239
42448
42666
42936
43257
43566
43806
44013
44201
44388
44582
44819
45086
45321
45538
45739
45943
46179
46434
46665
46879
47073
47266
47481
47772
48020
48239
48438
48622
48823
49029
49265
49489
49702
49901
50132
50368
50660
50928
51150
51349
51532
51723
51934
52176
52479
52768
53019
53238
53442
53652
53881
54155
54464
54738
54964
55166
55351
55538
55748
56025
56386
56679
56912
57113
57323
57536
57772
58017
58262
58493
58773
58979
59180
59388
59610
59846
60079
60295
60490
60672
60855
61047
61269
61523
61766
61982
62177
62396
62639
62951
63201
63416
63610
63793
63984
64180
64370
64569
64806
65089
65378
65619
65824
66013
66196
66382
66581
66812
67076
67322
67529
67722
67902
68094
68296
68545
75433
75648
75853
76051
76292
76595
76915
77187
77412
77623
77829
78034
78285
78617
78908
79160
79378
79590
79812
80051
80365
80659
80910
81129
81329
81523
81737
81994
82331
82669
82926
83144
83341
83540
83739
83986
84353
84696
84953
85179
85374
85584
85822
86145
86481
86832
87116
87344
87541
87725
87904
88096
88333
88678
89012
89274
89496
89695
89887
90097
90380
90771
91157
91471
91702
91903
92086
92265
92457
92706
93187
93517
93768
93983
94178
94370
94583
94937
95288
95686
95987
96215
96413
96602
96800
97040
97407
97782
98095
98332
98540
98733
98933
99134
99381
99668
100018
100318
100566
100778
100975
101162
101365
101602
101938
102252
102548
102796
103005
103198
103397
103638
103992
104335
104646
104885
105093
105283
105479
105692
106020
106372
106718
106962
107170
107360
107551
107753
108063
108474
108834
109086
109296
109488
109691
109928
110244
110556
110847
111085
111299
111499
111702
111949
112237
112484
112705
112916
113125
113377
113685
114007
114264
114479
114673
114862
115058
115281
115545
115768
115986
116187
116375
116564
116751
116952
117193
117477
117722
117953
118161
118396
118643
118903
119160
119397
119610
119805
119989
120175
120434
120719
121087
121344
121567
121769
121982
122205
122500
122750
122972
123173
123372
123590
123894
124154
124395
124621
124827
125029
125261
125472
125685
125915
126198
126441
126669
126920
127185
127438
127699
127966
128257
128558
128865
129140
129377
129592
129787
129977
130173
130426
130748
131187
131452
131683
131923
132158
132465
132729
132993
133257
133515
133856
134130
134404
134721
134971
135276
135598
136112
136455
136701
136913
137105
137304
137582
138059
138338
138604
138864
139186
139523
139856
140131
140356
140635
141067
141457
141741
141988
142219
142465
142806
143192
143489
143741
144017
144311
144640
145056
145376
145622
145854
146092
146433
146804
147146
147425
147678
147969
148283
148604
148937
149196
149424
149635
149835
150065
150314
150578
150814
151193
151531
151791
152034
152253
152451
152647
152880
153196
153464
153749
153976
154254
154498
154729
154989
155435
155715
155948
156157
156350
156567
156807
157082
157347
157577
157815
158123
158535
158788
159010
159212
159434
159700
160049
160306
160550
160833
161213
161616
161921
162168
162372
162587
162829
163157
163476
163728
163944
164157
164378
164666
164920
165144
165358
165555
165784
166086
166449
166712
166936
167236
167551
167944
168227
168461
168663
168852
169056
169362
169616
169873
170133
170497
170851
171143
171459
171805
172077
172313
172537
172785
173104
173505
173769
174007
174304
174618
175049
175412
175674
175895
176103
176394
176913
177349
177755
178045
178269
178472
178677
179016
179334
179714
179989
180229
180491