---
Mammal:            human
Fs:                200
Integration_level: electrocardiogram

Channels:

    - type:   peak
      name:   interval
      unit:   index
      enable: yes

---

1657
1822
1987
2152
2261
2369
2467
2549
2640
2733
2914
3087
3195
3322
3514
3625
3755
3942
4116
4286
4458
4629
4796
4902
5010
5108
5193
5288
5371
5448
5534
5615
5744
5843
5906
5998
6086
6160
6230
6329
6441
6521
6634
6831
7007
7176
7284
7518
7632
7860
7972
8081
8268
8380
8527
8714
8825
8949
9133
9310
9478
9645
9812
9978
10145
10310
10474
10637
10803
10967
11133
11297
11461
11627
11792
11956
12120
12226
12335
12430
12529
12616
12722
12840
12925
13029
13223
13334
13490
13679
13789
13921
14111
14220
14329
14513
14625
14731
14828
14913
15066
15261
15374
15527
15717
15826
15977
16168
16280
16400
16593
16706
16810
16922
17023
17108
17197
17320
17516
17630
17749
17943
18118
18292
18467
18640
18810
18918
19023
19122
19201
19296
19412
19504
19573
19686
19775
19848
19938
20016
20128
20222
20283
20472
20663
20773
21006
21120
21229
21419
21527
21650
21844
21954
22076
22267
22378
22500
22687
22798
22919
23106
23217
23341
23528
23696
23863
24027
24133
24248
24437
24547
24679
24866
24977
25108
25295
25462
25567
25694
25879
25990
26095
26339
26530
26641
26792
26981
27092
27266
27378
27489
27677
27792
27897
28007
28096
28169
28240
28407
28604
28713
28847
29036
29144
29257
29376
29471
29709
29827
29927
30038
30121
30199
30309
30479
30657
30766
30880
30977
31044
31142
31264
31364
31460
31693
31878
31985
32108
32297
32409
32515
32755
32944
33052
33157
33404
33595
33704
33816
34015
34123
34251
34356
34491
34593
34715
34895
35067
35175
35288
35388
35471
35553
35652
35748
35814
35911
35999
36080
36159
36245
36325
36404
36481
36545
36643
36740
36837
36936
37033
37133
37225
37327
37421
37516
37609
37689
37800
37900
37996
38084
38157
38225
38305
38373
38468
38557
38630
38699
38817
39015
39186
39356
39527
39694
39858
40024
40189
40350
40513
40674
40840
41002
41164
41325
41484
41646
41807
41967
42133
42295
42459
42619
42780
42943
43104
43264
43426
43588
43749
43912
44072
44233
44396
44556
44662
44820
44929
45050
45235
45344
45459
45641
45808
45910
46020
46116
46196
46279
46368
46456
46531
46626
46733
46814
46877
46955
47047
47144
47234
47306
47370
47465
47540
47628
47723
47792
47879
48075
48265
48374
48487
48589
48806
48987
49093
49208
49414
49524
49695
49798
49927
50114
50219
50328
50430
50514
50590
50671
50752
50846
50944
51025
51093
51172
51259
51355
51625
51800
51901
52024
52212
52324
52444
52635
52741
52876
53061
53167
53291
53477
53644
53747
53866
54057
54169
54295
54480
54583
54739
54845
54998
55108
55273
55378
55554
55660
55830
55938
56054
56224
56329
56465
56569
56699
56883
56991
57085
58892
58986
59139
59244
59432
59648
59741
59895
59996
60135
60385
60625
60898
61130
61235
61394
61672
61905
62071
62169
62263
62400
62599
62707
62838
62954
63115
63363
63463
63625
63726
63828
63923
64044
64127
64215
64321
64404
64524
64621
64725
64824
64893
64976
65059
65171
65272
65356
65435
65489
65828
65932
66042
66136
66184
66290
66475
66579
66712
66831
66905
67021
67165
67305
67382
67619
67722
68453
68609
68715
68773
68868
68925
68969
69027
69098
69197
69352
69457
69617
69725
69844
70028
70193
70356
70519
70680
70841
71002
71160
71320
71479
71585
71729
71834
71954
72050
72111
72270
72450
72613
72779
73000
73048
73095
73257
73412
73571
73733
73892
74050
74155
74297
74400
74550
74724
74887
75048
75207
75365
75523
75682
75839
75943
76084
76265
76423
76582
76745
76901
77058
77218
77372
77533
77693
77845
78007
78166
78323
78429
78559
78659
78807
78910
79048
79154
79318
79425
79581
79750
79909
80066
80225
80385
80541
80696
80802
80939
81043
81182
81287
81443
81553
81695
81800
82011
82121
82232
82331
82409
82488
82581
82682
82796
82889
82950
83018
83092
83160
83235
83311
83370
83438
83506
83584
83654
83752
83838
83953
84044
84171
84265
84357
84440
84521
84603
84698
84784
84847
84974
85079
85151
85235
85334
85415
85514
85611
85683
85779
85861
85981
86086
86155
86243
86320
86368
86513
86603
86717
86818
86917
87017
87083
87172
87277
87359
87449
87545
87650
87738
87827
87911
88002
88115
88202
88276
88340
88423
88526
88623
88701
88782
88880
88962
89025
89102
89188
89277
89339
89424
89506
89581
89672
89740
89821
89887
89959
90030
90100
90188
90304
90389
90439
90519
90613
90710
90818
90906
90972
91112
91254
91384
91563
91655
91739
91830
91898
91964
92046
92142
92219
92278
92397
92510
92601
92700
92781
92849
92935
93009
93072
93158
93299
93393
93456
93524
93615
93702
93763
93833
93899
93961
94026
94119
94198
94310
94398
94462
94546
94685
94781
94851
94921
95026
95111
95205
95289
95381
95465
95535
95606
95753
95940
96040
96158
96343
96441
96505
96582
96759
96868
97005
97181
97365
97469
97586
97685
97823
97924
98096
98203
98316
98414
98536
98633
98780
98882
99002
99188
99295
99416
99515
99658
99761
99883
99982